41
2
100 200
2
-100 -200
3
-3 -1000 -1000
5 
-1000 -1000 -3 -1000 -1000 
6 
100 -1000 -1000 100 -1000 -1000 
10 
7 -5 8 5 1 -4 -8 6 7 9 
50
100 -1000 -1000 100 -1000 -1000 100 -1000 -1000 100 -1000 -1000 100 -1000 -1000 100 -1000 -1000 100 -1000 -1000 100 -1000 -1000 100 -1000 -1000 100 -1000 -1000 100 -1000 -1000 100 -1000 -1000 100 -1000 -1000 100 -1000 -1000 100 -1000 -1000 100 -1000 -1000 100 -1000 -1000 100 -1000 -1000 
50
100 -1000 -1000 100 -1000 -1000 100 -1000 -1000 100 -1000 -1000 100 -1000 -1000 100 -1000 -1000 100 -1000 -1000 100 -1000 -1000 100 -1000 -1000 100 -1000 -1000 100 -1000 -1000 100 -1000 -1000 100 -1000 -1000 100 -1000 -1000 100 -1000 -1000 100 -1000 -1000 100 -1000 -1000 100 -1000 -1000 
50
100 -1000 -1000 100 -1000 -1000 100 -1000 -1000 100 -1000 -1000 100 -1000 -1000 100 -1000 -1000 100 -1000 -1000 100 -1000 -1000 100 -1000 -1000 100 -1000 -1000 100 -1000 -1000 100 -1000 -1000 100 -1000 -1000 100 -1000 -1000 100 -1000 -1000 100 -1000 -1000 100 -1000 -1000 100 -1000 -1000 
50
100 -1000 -1000 100 -1000 -1000 100 -1000 -1000 100 -1000 -1000 100 -1000 -1000 100 -1000 -1000 100 -1000 -1000 100 -1000 -1000 100 -1000 -1000 100 -1000 -1000 100 -1000 -1000 100 -1000 -1000 100 -1000 -1000 100 -1000 -1000 100 -1000 -1000 100 -1000 -1000 100 -1000 -1000 100 -1000 -1000 
50
100 -1000 -1000 100 -1000 -1000 100 -1000 -1000 100 -1000 -1000 100 -1000 -1000 100 -1000 -1000 100 -1000 -1000 100 -1000 -1000 100 -1000 -1000 100 -1000 -1000 100 -1000 -1000 100 -1000 -1000 100 -1000 -1000 100 -1000 -1000 100 -1000 -1000 100 -1000 -1000 100 -1000 -1000 100 -1000 -1000 
50
100 -1000 -1000 100 -1000 -1000 100 -1000 -1000 100 -1000 -1000 100 -1000 -1000 100 -1000 -1000 100 -1000 -1000 100 -1000 -1000 100 -1000 -1000 100 -1000 -1000 100 -1000 -1000 100 -1000 -1000 100 -1000 -1000 100 -1000 -1000 100 -1000 -1000 100 -1000 -1000 100 -1000 -1000 100 -1000 -1000 
50
100 -1000 -1000 100 -1000 -1000 100 -1000 -1000 100 -1000 -1000 100 -1000 -1000 100 -1000 -1000 100 -1000 -1000 100 -1000 -1000 100 -1000 -1000 100 -1000 -1000 100 -1000 -1000 100 -1000 -1000 100 -1000 -1000 100 -1000 -1000 100 -1000 -1000 100 -1000 -1000 100 -1000 -1000 100 -1000 -1000 
50
100 -1000 -1000 100 -1000 -1000 100 -1000 -1000 100 -1000 -1000 100 -1000 -1000 100 -1000 -1000 100 -1000 -1000 100 -1000 -1000 100 -1000 -1000 100 -1000 -1000 100 -1000 -1000 100 -1000 -1000 100 -1000 -1000 100 -1000 -1000 100 -1000 -1000 100 -1000 -1000 100 -1000 -1000 100 -1000 -1000 
50
100 -1000 -1000 100 -1000 -1000 100 -1000 -1000 100 -1000 -1000 100 -1000 -1000 100 -1000 -1000 100 -1000 -1000 100 -1000 -1000 100 -1000 -1000 100 -1000 -1000 100 -1000 -1000 100 -1000 -1000 100 -1000 -1000 100 -1000 -1000 100 -1000 -1000 100 -1000 -1000 100 -1000 -1000 100 -1000 -1000 
50
100 -1000 -1000 100 -1000 -1000 100 -1000 -1000 100 -1000 -1000 100 -1000 -1000 100 -1000 -1000 100 -1000 -1000 100 -1000 -1000 100 -1000 -1000 100 -1000 -1000 100 -1000 -1000 100 -1000 -1000 100 -1000 -1000 100 -1000 -1000 100 -1000 -1000 100 -1000 -1000 100 -1000 -1000 100 -1000 -1000 
50
100 -1000 -1000 100 -1000 -1000 100 -1000 -1000 100 -1000 -1000 100 -1000 -1000 100 -1000 -1000 100 -1000 -1000 100 -1000 -1000 100 -1000 -1000 100 -1000 -1000 100 -1000 -1000 100 -1000 -1000 100 -1000 -1000 100 -1000 -1000 100 -1000 -1000 100 -1000 -1000 100 -1000 -1000 100 -1000 -1000 
50
100 -1000 -1000 100 -1000 -1000 100 -1000 -1000 100 -1000 -1000 100 -1000 -1000 100 -1000 -1000 100 -1000 -1000 100 -1000 -1000 100 -1000 -1000 100 -1000 -1000 100 -1000 -1000 100 -1000 -1000 100 -1000 -1000 100 -1000 -1000 100 -1000 -1000 100 -1000 -1000 100 -1000 -1000 100 -1000 -1000 
50
100 -1000 -1000 100 -1000 -1000 100 -1000 -1000 100 -1000 -1000 100 -1000 -1000 100 -1000 -1000 100 -1000 -1000 100 -1000 -1000 100 -1000 -1000 100 -1000 -1000 100 -1000 -1000 100 -1000 -1000 100 -1000 -1000 100 -1000 -1000 100 -1000 -1000 100 -1000 -1000 100 -1000 -1000 100 -1000 -1000 
50
100 -1000 -1000 100 -1000 -1000 100 -1000 -1000 100 -1000 -1000 100 -1000 -1000 100 -1000 -1000 100 -1000 -1000 100 -1000 -1000 100 -1000 -1000 100 -1000 -1000 100 -1000 -1000 100 -1000 -1000 100 -1000 -1000 100 -1000 -1000 100 -1000 -1000 100 -1000 -1000 100 -1000 -1000 100 -1000 -1000 
50
100 -1000 -1000 100 -1000 -1000 100 -1000 -1000 100 -1000 -1000 100 -1000 -1000 100 -1000 -1000 100 -1000 -1000 100 -1000 -1000 100 -1000 -1000 100 -1000 -1000 100 -1000 -1000 100 -1000 -1000 100 -1000 -1000 100 -1000 -1000 100 -1000 -1000 100 -1000 -1000 100 -1000 -1000 100 -1000 -1000 
50
100 -1000 -1000 100 -1000 -1000 100 -1000 -1000 100 -1000 -1000 100 -1000 -1000 100 -1000 -1000 100 -1000 -1000 100 -1000 -1000 100 -1000 -1000 100 -1000 -1000 100 -1000 -1000 100 -1000 -1000 100 -1000 -1000 100 -1000 -1000 100 -1000 -1000 100 -1000 -1000 100 -1000 -1000 100 -1000 -1000 
50
100 -1000 -1000 100 -1000 -1000 100 -1000 -1000 100 -1000 -1000 100 -1000 -1000 100 -1000 -1000 100 -1000 -1000 100 -1000 -1000 100 -1000 -1000 100 -1000 -1000 100 -1000 -1000 100 -1000 -1000 100 -1000 -1000 100 -1000 -1000 100 -1000 -1000 100 -1000 -1000 100 -1000 -1000 100 -1000 -1000 
50
100 -1000 -1000 100 -1000 -1000 100 -1000 -1000 100 -1000 -1000 100 -1000 -1000 100 -1000 -1000 100 -1000 -1000 100 -1000 -1000 100 -1000 -1000 100 -1000 -1000 100 -1000 -1000 100 -1000 -1000 100 -1000 -1000 100 -1000 -1000 100 -1000 -1000 100 -1000 -1000 100 -1000 -1000 100 -1000 -1000 
50
100 -1000 -1000 100 -1000 -1000 100 -1000 -1000 100 -1000 -1000 100 -1000 -1000 100 -1000 -1000 100 -1000 -1000 100 -1000 -1000 100 -1000 -1000 100 -1000 -1000 100 -1000 -1000 100 -1000 -1000 100 -1000 -1000 100 -1000 -1000 100 -1000 -1000 100 -1000 -1000 100 -1000 -1000 100 -1000 -1000 
50
100 -1000 -1000 100 -1000 -1000 100 -1000 -1000 100 -1000 -1000 100 -1000 -1000 100 -1000 -1000 100 -1000 -1000 100 -1000 -1000 100 -1000 -1000 100 -1000 -1000 100 -1000 -1000 100 -1000 -1000 100 -1000 -1000 100 -1000 -1000 100 -1000 -1000 100 -1000 -1000 100 -1000 -1000 100 -1000 -1000 
50
100 -1000 -1000 100 -1000 -1000 100 -1000 -1000 100 -1000 -1000 100 -1000 -1000 100 -1000 -1000 100 -1000 -1000 100 -1000 -1000 100 -1000 -1000 100 -1000 -1000 100 -1000 -1000 100 -1000 -1000 100 -1000 -1000 100 -1000 -1000 100 -1000 -1000 100 -1000 -1000 100 -1000 -1000 100 -1000 -1000 
50
100 -1000 -1000 100 -1000 -1000 100 -1000 -1000 100 -1000 -1000 100 -1000 -1000 100 -1000 -1000 100 -1000 -1000 100 -1000 -1000 100 -1000 -1000 100 -1000 -1000 100 -1000 -1000 100 -1000 -1000 100 -1000 -1000 100 -1000 -1000 100 -1000 -1000 100 -1000 -1000 100 -1000 -1000 100 -1000 -1000 
50
100 -1000 -1000 100 -1000 -1000 100 -1000 -1000 100 -1000 -1000 100 -1000 -1000 100 -1000 -1000 100 -1000 -1000 100 -1000 -1000 100 -1000 -1000 100 -1000 -1000 100 -1000 -1000 100 -1000 -1000 100 -1000 -1000 100 -1000 -1000 100 -1000 -1000 100 -1000 -1000 100 -1000 -1000 100 -1000 -1000 
50
100 -1000 -1000 100 -1000 -1000 100 -1000 -1000 100 -1000 -1000 100 -1000 -1000 100 -1000 -1000 100 -1000 -1000 100 -1000 -1000 100 -1000 -1000 100 -1000 -1000 100 -1000 -1000 100 -1000 -1000 100 -1000 -1000 100 -1000 -1000 100 -1000 -1000 100 -1000 -1000 100 -1000 -1000 100 -1000 -1000 
50
100 -1000 -1000 100 -1000 -1000 100 -1000 -1000 100 -1000 -1000 100 -1000 -1000 100 -1000 -1000 100 -1000 -1000 100 -1000 -1000 100 -1000 -1000 100 -1000 -1000 100 -1000 -1000 100 -1000 -1000 100 -1000 -1000 100 -1000 -1000 100 -1000 -1000 100 -1000 -1000 100 -1000 -1000 100 -1000 -1000 
50
100 -1000 -1000 100 -1000 -1000 100 -1000 -1000 100 -1000 -1000 100 -1000 -1000 100 -1000 -1000 100 -1000 -1000 100 -1000 -1000 100 -1000 -1000 100 -1000 -1000 100 -1000 -1000 100 -1000 -1000 100 -1000 -1000 100 -1000 -1000 100 -1000 -1000 100 -1000 -1000 100 -1000 -1000 100 -1000 -1000 
50
100 -1000 -1000 100 -1000 -1000 100 -1000 -1000 100 -1000 -1000 100 -1000 -1000 100 -1000 -1000 100 -1000 -1000 100 -1000 -1000 100 -1000 -1000 100 -1000 -1000 100 -1000 -1000 100 -1000 -1000 100 -1000 -1000 100 -1000 -1000 100 -1000 -1000 100 -1000 -1000 100 -1000 -1000 100 -1000 -1000 
50
100 -1000 -1000 100 -1000 -1000 100 -1000 -1000 100 -1000 -1000 100 -1000 -1000 100 -1000 -1000 100 -1000 -1000 100 -1000 -1000 100 -1000 -1000 100 -1000 -1000 100 -1000 -1000 100 -1000 -1000 100 -1000 -1000 100 -1000 -1000 100 -1000 -1000 100 -1000 -1000 100 -1000 -1000 100 -1000 -1000 
50
100 -1000 -1000 100 -1000 -1000 100 -1000 -1000 100 -1000 -1000 100 -1000 -1000 100 -1000 -1000 100 -1000 -1000 100 -1000 -1000 100 -1000 -1000 100 -1000 -1000 100 -1000 -1000 100 -1000 -1000 100 -1000 -1000 100 -1000 -1000 100 -1000 -1000 100 -1000 -1000 100 -1000 -1000 100 -1000 -1000 
50
100 -1000 -1000 100 -1000 -1000 100 -1000 -1000 100 -1000 -1000 100 -1000 -1000 100 -1000 -1000 100 -1000 -1000 100 -1000 -1000 100 -1000 -1000 100 -1000 -1000 100 -1000 -1000 100 -1000 -1000 100 -1000 -1000 100 -1000 -1000 100 -1000 -1000 100 -1000 -1000 100 -1000 -1000 100 -1000 -1000 
50
100 -1000 -1000 100 -1000 -1000 100 -1000 -1000 100 -1000 -1000 100 -1000 -1000 100 -1000 -1000 100 -1000 -1000 100 -1000 -1000 100 -1000 -1000 100 -1000 -1000 100 -1000 -1000 100 -1000 -1000 100 -1000 -1000 100 -1000 -1000 100 -1000 -1000 100 -1000 -1000 100 -1000 -1000 100 -1000 -1000 
50
100 -1000 -1000 100 -1000 -1000 100 -1000 -1000 100 -1000 -1000 100 -1000 -1000 100 -1000 -1000 100 -1000 -1000 100 -1000 -1000 100 -1000 -1000 100 -1000 -1000 100 -1000 -1000 100 -1000 -1000 100 -1000 -1000 100 -1000 -1000 100 -1000 -1000 100 -1000 -1000 100 -1000 -1000 100 -1000 -1000 
50
100 -1000 -1000 100 -1000 -1000 100 -1000 -1000 100 -1000 -1000 100 -1000 -1000 100 -1000 -1000 100 -1000 -1000 100 -1000 -1000 100 -1000 -1000 100 -1000 -1000 100 -1000 -1000 100 -1000 -1000 100 -1000 -1000 100 -1000 -1000 100 -1000 -1000 100 -1000 -1000 100 -1000 -1000 100 -1000 -1000 
50
100 -1000 -1000 100 -1000 -1000 100 -1000 -1000 100 -1000 -1000 100 -1000 -1000 100 -1000 -1000 100 -1000 -1000 100 -1000 -1000 100 -1000 -1000 100 -1000 -1000 100 -1000 -1000 100 -1000 -1000 100 -1000 -1000 100 -1000 -1000 100 -1000 -1000 100 -1000 -1000 100 -1000 -1000 100 -1000 -1000 
50
100 -1000 -1000 100 -1000 -1000 100 -1000 -1000 100 -1000 -1000 100 -1000 -1000 100 -1000 -1000 100 -1000 -1000 100 -1000 -1000 100 -1000 -1000 100 -1000 -1000 100 -1000 -1000 100 -1000 -1000 100 -1000 -1000 100 -1000 -1000 100 -1000 -1000 100 -1000 -1000 100 -1000 -1000 100 -1000 -1000 
