11
4
1 11 12 20
1 12 12 21
4
1 2 10 20
1 4 11 21
4
1 2 3 4
1 2 3 4
3
2 3 5
7 11 13
1
1000
5000
4
10 20 30 40
22 33 33 55
20
1 1 1 1 2 3 3 4 5 5 5 6 6 6 7 7 7 7 7 7
1 1 2 3 4 5 6 6 6 7 7 8 9 9 9 9 9 10 10 10
20
1 1 1 1 1 2 3 3 4 5 6 6 6 6 7 7 7 9 10 10
1 1 1 2 4 4 4 4 5 5 6 7 7 8 8 8 9 9 10 10
20
1 1 2 2 3 3 4 4 5 5 5 6 7 8 8 8 8 9 9 10
1 2 2 3 4 4 5 5 6 6 6 7 8 8 8 9 9 9 10 10
20
1 1 1 2 2 2 4 5 5 5 7 7 8 8 8 8 9 9 9 10
1 2 2 2 2 4 4 5 5 6 8 9 9 9 10 10 10 10 10 10
20
1 1 1 2 2 2 2 3 4 4 4 5 5 5 5 6 7 9 9 9
1 1 3 3 4 4 4 5 5 6 6 6 6 6 6 7 8 9 9 10
----
0 0 0 0 0 0 0 0 0 0 0 0 0 0 0 0 0 0 0 0
9 9 9 9 8 7 7 6 5 5 5 4 4 4 3 3 3 3 3 3
9 9 9 9 8 7 7 6 5 5 5 4 4 4 3 3 3 3 3 3

0 0 0 0 0 0 1 1 0 0 0 0 0 0 0 0 0 0 0 0
4 4 4 4 4 3 2 2 1 0 3 3 3 3 2 2 2 0 0 0
4 4 4 4 4 3 2 2 1 0 3 3 3 3 2 2 2 0 0 0

1 1 1 1 1 2 3 3 4 5 6  6  6  6  7  7  7  9  10 10
1 1 1 2 4 4 4 4 5 5 6  7  7  8  8  8  9  9  10 10
0 0 0 0 0 3 4 4 4 8 10 10 10 10 11 11 11 16 18 18
3 3 3 3 4 3 2 2 1 0 2  3  3  3  2  2  2  0  0  0
4 4 4 4 4 3 2 2 1 0 3  3  3  3  2  2  2  0  0  0

0 0 0 0 0 0 0 0 0 0 0 0 0 0 0 0 0 0 0 0
9 9 8 8 7 7 6 6 5 5 5 4 3 2 2 2 2 1 1 0
9 9 8 8 7 7 6 6 5 5 5 4 3 2 2 2 2 1 1 0

0 0 0 0 0 0 0 0 0 0 1 1 0 0 0 0 0 0 0 0
3 3 3 2 2 2 0 1 1 1 3 3 2 2 2 2 1 1 1 0
3 3 3 2 2 2 0 1 1 1 3 3 2 2 2 2 1 1 1 0

0 0 0 1 1 1 1 0 0 0 0 0 0 0 0 0 0 0 0 0
7 7 7 6 6 6 6 5 4 4 4 3 3 3 3 2 1 1 1 1

0 0 0 0 0 0 0 0 0 0 0 0 0 0 0 0 0 0 0 0
9 9 9 9 8 8 7 6 6 6 6 6 6 5 5 5 5 3 1 0